0.00640379
0.00305065
0.00362781
0.00563765
0.0182235
0.0101844
0.00441278
0.0141795
9.99789e-09
9.99789e-09
0.00733743
0.00555757
0.00430468
9.99789e-09
0.0115015
0.0030358
9.99789e-09
6.53668e-07
0.018082
9.99789e-09
9.99789e-09
0.00854638
0.0050714
0.00713629
9.99789e-09
9.99789e-09
9.99789e-09
0.00497585
9.99789e-09
9.99789e-09
9.99789e-09
0.00336301
9.99789e-09
9.99789e-09
0.0155999
0.0129886
0.004593
0.0243234
0.00340106
0.00450348
9.99789e-09
9.99789e-09
0.00473641
1.42935e-06
8.81449e-07
9.99789e-09
0.00292284
0.00888445
9.99789e-09
0.017959
0.00162835
7.35094e-07
0.00799072
9.99789e-09
0.00720344
0.00156234
0.0104984
0.00232286
0.0128655
9.99789e-09
0.00539314
9.99789e-09
9.99789e-09
0.000761366
9.99789e-09
0.00638014
0.012238
3.95405e-05
0.0139683
0.00178118
9.99171e-09
9.99171e-09
9.99171e-09
0.000923241
0.000713272
9.99171e-09
0.00414953
0.00208203
9.99171e-09
9.99171e-09
9.99171e-09
9.99171e-09
0.00258548
0.000529098
9.99171e-09
0.00247436
0.00336785
9.99171e-09
0.00215692
0.00906488
9.99171e-09
9.99171e-09
9.99171e-09
8.34946e-06
0.00655995
0.00300243
0.00208383
0.00731065
6.62683e-06
0.000615739
0.0014077
9.99171e-09
0.00309955
0.00260294
0.00628555
0.00288077
0.00509063
9.99171e-09
1.02672e-06
0.00336475
0.000574421
0.00424251
0.00378752
0.00776104
9.99171e-09
0.00234973
0.000565285
1.04387e-06
0.00303456
0.00196133
1.27166e-06
9.99171e-09
0.00363625
9.99171e-09
0.00175979
0.000177921
0.00055894
9.99171e-09
9.99171e-09
0.00242247
0.00111125
0.00244092
0.00114726
0.000707963
4.52898e-07
0.00255758
0.00142102
3.78066e-05
0.00053566
0.00851494
0.00244253
0.00446239
0.000272711
0.00184066
0.0124222
0.0020756
0.00138364
0.000648618
0.000268857
0.000393288
0.00268757
0.000431804
0.000467268
0.00038366
0.00033641
0.00828069
0.000156618
0.000292544
0.000344007
0.000246458
0.000626641
0.000207715
0.00132402
0.000368475
0.00186936
0.00625788
0.000213755
0.0013876
0.000209169
0.000644168
0.000148867
0.00360633
0.000238601
0.000607345
0.000535304
0.000303307
0.00250063
0.000691141
0.00336061
0.00133801
0.00100433
0.0023586
0.000383996
0.00118795
0.001527
0.000270991
0.000514999
0.000170909
0.00296993
0.00209194
0.000791758
0.00033552
0.000793827
0.00254712
0.0013858
0.000283475
0.00356456
0.000224087
0.000307439
0.000541175
0.00558223
0.000562465
0.000135322
0.000182986
0.000681556
0.0014197
0.000831328
0.000125464
0.00251653
0.000172488
0.000671193
0.000233344
0.000576638
0.000805846
0.00377349
0.000212882
0.000630673
0.00151673
0.000664561
0.000175739
0.00150858
0.000358757
0.0243175
0.000518217
0.0425499
0.000268956
0.00246746
0.000248895
0.00206045
0.000983957
0.00300619
0.00179446
0.00088533
0.000257275
0.000125438
0.00115338
0.000238976
0.000407784
0.00126623
0.000456242
0.000329065
0.000264775
0.000706445
0.00701649
0.00102497
0.000722013
0.000426607
0.00039656
0.000560244
0.000289491
0.000144514
0.00109393
0.000552948
0.00057498
0.000899162
0.000314003
0.0423087
0.000136666
0.0423087
0.00029429
0.00047181
0.000294606
0.000394752
0.00302416
0.000697412
0.000394837
0.000152509
0.000194828
0.00293686
0.00459978
0.00699106
0.00263123
0.00365006
0.0265813
0.000957628
0.000672398
0.000206725
0.000221895
0.000867233
0.000215139
0.000953071
0.00085317
0.00246855
0.00123078
0.00069666
0.00230072
0.000763057
0.000280745
0.00192959
0.000903939
0.00238724
0.00240408
0.000866628
0.000464721
0.00130424
0.000324529
0.00129102
0.00327846
0.00278932
0.00114781
0.000311614
0.000408826
0.000589319
0.000214983
0.00169937
0.0012715
0.000872167
0.00110558
0.0031795
0.000167266
0.000179266
0.000303068
0.00149881
0.00152672
8.3913e-05
0.000463848
0.000576306
0.000993466
0.000475295
0.000256494
0.000227436
0.000596949
0.00211314
0.000810073
0.00208545
0.00215536
0.000288752
0.00267106
0.000212338
0.000289338
0.0011948
0.000960708
0.00148632
0.00135707
0.000134074
0.000576313
0.000359092
0.000308807
0.000302888
0.00100925
0.000771166
0.000703381
0.000512006
0.000669094
0.00110503
0.000467167
0.000347635
0.000707362
0.0012666
0.00137506
0.000728711
0.000412118
0.0008052
0.0048478
0.000787896
0.00347485
0.0133315
0.00761949
0.00023281
0.000302295
0.000630842
0.000789966
0.000499225
0.00043469
0.0010839
0.000282192
0.000210391
0.000198704
0.000220052
0.00034848
0.000680244
0.000663947
0.000371792
0.000750933
0.00712073
0.000480252
0.00164168
0.000904938
0.000743663
0.00038064
0.000366204
0.00142879
0.000222579
0.000148362
0.000159341
0.000312917
0.00135275
0.000619852
0.00377144
0.00046767
0.000710613
0.000935716
0.00837148
0.000461502
0.00071781
0.000410465
0.000771229
0.0010732
0.000693588
0.000795648
0.000675461
0.00221371
0.00105198
0.000813939
0.00120459
0.0045822
0.000363654
0.000468372
0.00117312
0.000820071
0.00031375
0.000140038
0.00025417
0.000412569
0.000390607
0.000579624
0.000856647
0.000441525
0.0001663
0.000537857
0.000669254
0.000888686
0.000428804
0.000696332
0.000447792
0.000329638
0.000303754
0.000272145
0.000810955
0.000553882
0.000381544
0.000358063
0.00265159
0.00150487
0.000782177
0.000762452
0.000561177
0.000173795
0.000430574
0.00127746
0.000989256
0.000375416
0.00163339
0.000502037
0.000583321
0.000284028
0.000546027
0.00115927
0.0016096
0.000354233
0.00022055
0.00139634
0.000340006
0.00052692
0.000443493
0.000232001
0.000293729
0.000831239
0.000331062
0.00154464
0.000554898
0.000242451
0.000236847
0.00093765
0.000172348
0.000253187
0.00071111
0.000708868
0.000311809
0.000359484
0.000393801
0.00108624
0.000568538
0.00172163
0.000503066
0.00100462
0.00363493
0.00058111
0.000340329
0.000429445
0.000394408
0.000299594
0.000710756
0.000316884
0.00156538
0.000271948
0.00118022
0.000501753
0.000112635
0.000134225
0.000266059
0.000191358
0.000492502
0.000498608
0.000784057
0.000244433
0.000625182
0.000137556
0.000187468
0.000586841
0.00121395
0.000368348
